# String extracts (deterministic render of tool outputs)

## malcat strings (300)
1052 
164940 
77 
33271 
41646 
164974 
164958 
57474 
5264 
27725 
5437 
2562 
30147 
26088 
42984 
43443 
11613 
37999 
50279 
164994 
165010 
19476 
29941 
57277 
480 
21800 
13770 
9262 
35535 
520 
46670 
19713 
49794 
41600 
6113 
45161 
9516 
9013 
63038 
24778 
27857 
45745 
167899 
46528 
48306 
24677 
10515 
45150 
11065 
44639 
46036 
44032 
43998 
19575 
43370 
42805 
42666 
42451 
12612 
46181 
24622 
46983 
47527 
20066 
22214 
21750 
8678 
20477 
48912 
48923 
49328 
8478 
8396 
21070 
33337 
37520 
14846 
36465 
35987 
35934 
17588 
15549 
33964 
37756 
30765 
16340 
33043 
32492 
32115 
31847 
31761 
26521 
30425 
38366 
30055 
28905 
14037 
27578 
13618 
13524 
40790 
41298 
26967 
26744 
42098 
42181 
31202 
56204 
167963 
167611 
52926 
166492 
2605 
2673 
165878 
53828 
54351 
54567 
3550 
62038 
49935 
56561 
61974 
5310 
61960 
3977 
61123 
5002 
59727 
58447 
59588 
58808 
51642 
50269 
168039 
7146 
168005 
50228 
168382 
168520 
50625 
560 
7335 
31642 
21670 
61450 
21540 
31191 
31985 
32003 
21613 
30753 
30497 
32070 
62304 
59637 
34371 
34169 
59253 
34012 
208 
49872 
33948 
33550 
32392 
21154 
21498 
33231 
33128 
59762 
60171 
32811 
60762 
167322 
23310 
26696 
166561 
26492 
167150 
25591 
25392 
25248 
27241 
167332 
167587 
23840 
167821 
23874 
24483 
24236 
28791 
62263 
30212 
24015 
63015 
30014 
29437 
165226 
28833 
21696 
21779 
28572 
28078 
22122 
165914 
27720 
27675 
44370 
52560 
52631 
45675 
52649 
52820 
45025 
44889 
53064 
44592 
44555 
52457 
53184 
44222 
44156 
44099 
53592 
53621 
43992 
43656 
53687 
48062 
49445 
50036 
50070 
48580 
48488 
51216 
48155 
48126 
51310 
48092 
43145 
51519 
47409 
47087 
47074 
46773 
52093 
52103 
46371 
52149 
37379 
39286 
57087 
38991 
38853 
38490 
57696 
38170 
57782 
58077 
37427 
39324 
37052 
37046 
58610 
36161 
58803 
35891 
58870 
35482 
35315 
55320 
54121 
54786 
55061 
42223 
55161 
55237 
41912 
41764 
41729 
35139 
55749 
55799 
40673 
40114 
56702 
40014 
39996 
39588 
39333 
19372 
10401 
10115 
9586 
9103 
18721 
8145 
7978 
18969 
7726 