# String extracts (deterministic render of tool outputs)

## malcat strings (300)
122832 
122845 
122602 
122236 
122000 
122490 
121762 
122554 
121890 
154773 
5676 
72047 
122202 
123904 
133441 
131783 
135700 
98313 
129674 
124446 
130188 
150496 
122054 
122450 
171076 
171236 
171844 
132753 
131020 
131962 
94642 
130878 
121854 
122402 
139158 
135026 
136467 
75790 
121974 
139237 
141700 
144535 
72719 
156851 
10225 
74285 
149252 
147893 
147560 
145909 
13756 
15783 
143610 
143532 
99828 
143428 
101469 
141921 
77 
140415 
139991 
124274 
132236 
122706 
76520 
129710 
76230 
130671 
76222 
133756 
124766 
124261 
125200 
134443 
122358 
122088 
122316 
132811 
154728 
9967 
130918 
122160 
122432 
121932 
122384 
142948 
129199 
170768 
156806 
129117 
129036 
10082 
131883 
128759 
124931 
126881 
126217 
122130 
142270 
133369 
121914 
156140 
134173 
135613 
156056 
29949 
140849 
171160 
171035 
125563 
89338 
125468 
100054 
72627 
126162 
156075 
156109 
153827 
72705 
125083 
126790 
127240 
148975 
98194 
128960 
99206 
124372 
134515 
142004 
133297 
27979 
133513 
134969 
134380 
134829 
156821 
86594 
156912 
156927 
171123 
75736 
81428 
138853 
141195 
132006 
172096 
131705 
122874 
131052 
172198 
124364 
156827 
133198 
136439 
129246 
29973 
8150 
129772 
72329 
72064 
130972 
153223 
122290 
130476 
13923 
144576 
129340 
8416 
29987 
131834 
132321 
139209 
138901 
138545 
122674 
133612 
10065 
130938 
98269 
131116 
170911 
131319 
132378 
135666 
129763 
122860 
171304 
138559 
155990 
8126 
8531 
131294 
131172 
172016 
122890 
134243 
131919 
10250 
131038 
131595 
124381 
171410 
133164 
171531 
129370 
133093 
134927 
101362 
74970 
127561 
142280 
129330 
66077 
4288 
141979 
140679 
34236 
125895 
34262 
15009 
131138 
52238 
78673 
96040 
147643 
172131 
98327 
98837 
73470 
143226 
67003 
89051 
144437 
66523 
99664 
78849 
143239 
135686 
129000 
137518 
137121 
76859 
20604 
83855 
136455 
61723 
156095 
156051 
73964 
23772 
124538 
156178 
132514 
156116 
29915 
76328 
103236 
127641 
87250 
141182 
140894 
5856 
143304 
33153 
33135 
141713 
139342 
124627 
103512 
128920 
80014 
138890 
138797 
43083 
172181 
130385 
124454 
153834 
77199 
149271 
72648 
6937 
69883 
69991 
94522 
153722 
10851 
1256 
70237 
6947 
1261 
74215 
126194 
37439 
93199 
125100 
130865 
71160 
71229 
153205 