# String extracts (deterministic render of tool outputs)

## malcat strings (300)
818 
1254 
2069 
240 
377 
1175 
5627 
1737 
5961 
1590 
5700 
67 
1468 
12135 
12811 
15530 
12690 
5730 
12755 
15635 
5532 
12927 
5406 
12973 
5344 
6011 
6226 
6149 
12422 
12469 
6103 
6057 
15742 
12525 
12643 
5914 
5868 
5822 
15682 
5233 
15587 
5776 
15091 
13803 
14000 
14127 
14183 
14230 
3030 
14286 
14333 
14482 
15166 
14560 
14617 
14664 
15035 
14711 
14776 
14884 
14941 
15302 
5287 
6471 
5152 
5091 
5047 
4996 
15359 
13145 
13209 
13029 
13273 
13399 
15245 
13455 
13557 
2886 
13604 
13660 
16661 
10083 
10139 
7991 
10233 
10313 
10370 
10427 
10503 
10036 
10621 
7788 
10668 
10733 
7732 
10813 
16545 
10911 
9640 
9080 
9127 
8906 
9319 
8816 
9395 
8712 
8595 
10993 
9702 
8423 
8367 
8320 
8240 
9956 
8146 
12034 
11757 
16192 
7021 
6962 
11880 
6916 
16088 
11964 
11646 
16031 
12081 
15982 
6397 
15906 
6351 
15849 
16400 
7580 
11124 
16485 
11191 
7463 
11252 
7407 
6305 
11319 
7360 
11378 
11459 
16313 
11516 
11573 
7143 
4 
2985 
6856 
536 
1936 
5612 
6801 
2551 
590 
6666 
205 
666 
52 
9459 
4188 
6700 
2203 
6547 
6517 
1048 
2453 
3190 
15506 
3337 
4339 
1838 
4686 
6687 
6839 
719 
4735 
980 
6876 
4456 
4968 
4260 
7008 
1668 
12917 
14173 
10890 
12515 
12319 
6529 
14108 
12332 
6734 
13445 
13380 
12412 
13990 
13891 
9928 
12633 
13650 
5219 
12609 
5276 
13135 
13766 
12736 
13199 
10013 
13793 
12581 
13547 
11096 
13263 
6759 
13019 
12801 
14393 
3073 
14276 
6821 
2468 
182 
2498 
2279 
758 
483 
3739 
4864 
6885 
2733 
2348 
1430 
6615 
11950 
2294 
1414 
6715 
8136 
15520 
8202 
5207 
5193 
15419 
13123 
5142 
8123 
15479 
7968 
16722 
8066 
5447 
5469 
5484 
10205 
8029 
16693 
7981 
16446 
16014 
16078 
6834 
11107 
6862 
6897 
6948 
16182 
16475 
11727 
7095 
11085 
16366 
16265 
11441 
11631 
7199 
7219 
11498 
7237 
16303 
7257 
12388 
5808 
15732 
10290 
5946 
12557 
15789 
15801 
15820 
10559 
10587 
16651 
15577 
15839 
6337 
15896 