# String extracts (deterministic render of tool outputs)

## malcat strings (300)
2954 
4718 
10203 
8441 
7402 
22003 
21106 
12756 
2481 
9020 
23514 
23377 
26178 
23240 
26093 
26008 
6611 
25253 
25171 
25090 
6871 
6327 
25334 
7130 
24821 
24954 
1855 
25019 
25680 
25415 
25485 
14471 
13265 
13201 
9094 
25750 
25815 
25880 
23689 
24893 
26263 
25945 
9807 
24764 
25555 
8972 
26325 
1049 
25614 
24699 
2896 
22221 
10815 
22609 
14949 
24518 
13020 
30 
13004 
17448 
10717 
22123 
18319 
13406 
11196 
14674 
23930 
12631 
14084 
19205 
14048 
5505 
16612 
14581 
10245 
18172 
8296 
16454 
13169 
8317 
14962 
20682 
17859 
19879 
19398 
19254 
18698 
19196 
9949 
10547 
19713 
3614 
16419 
15584 
12265 
14799 
3658 
12776 
14122 
12786 
12846 
12863 
14484 
7651 
6108 
24531 
2855 
22093 
22538 
24363 
23179 
22033 
2384 
2223 
23880 
22023 
1732 
5145 
21928 
21877 
21848 
6429 
21196 
4026 
23739 
770 
8796 
627 
21136 
21126 
3345 
14740 
23793 
13347 
2838 
14526 
2581 
1780 
1656 
972 
930 
13500 
21068 
16829 
19822 
4510 
19392 
19260 
21162 
21571 
19172 
17911 
21965 
17303 
17058 
16866 
15520 
16681 
22059 
22360 
16580 
16541 
22571 
16362 
16224 
16016 
15788 
3359 
10336 
3701 
10115 
5899 
8079 
6220 
11971 
6438 
11848 
6540 
4197 
4416 
11075 
11065 
6768 
6992 
10618 
10531 
10466 
10517 
4061 
5775 
4019 
9443 
3859 
5314 
9053 
13185 
5045 
4880 
9499 
3641 
12812 
5840 
9573 
14388 
19320 
15198 
7518 
17828 
7261 
14750 
20600 
17165 
23121 
3683 
16037 
21343 
18709 
21174 
16690 
10047 
9208 
19096 
21553 
7578 
18089 
7916 
21623 
18459 
18413 
18047 
15827 
5852 
12824 
3591 
24791 
6719 
1839 
11985 
13228 
22071 
16816 
14772 
18132 
24585 
6245 
3066 
20545 
5810 
2571 
8226 
8863 
2559 
5075 
793 
20595 
23323 
3375 
7541 
21953 
7221 
21893 
13294 
7801 
7846 
22990 
4268 
21843 
21829 
23460 
3306 
21794 
3155 
21723 
6457 
23849 
17412 
14850 
12096 
15111 
10377 
17810 
17746 
17638 
15132 
10401 
12375 
15193 
11568 
16181 
11304 
16810 
16280 
10728 
11098 
11017 
19368 
19704 
9307 
19633 
13112 