x=350: 31,31,31,255
x=351: 31,31,31,255
x=352: 31,31,31,255
x=353: 31,31,31,255
x=354: 31,31,31,255
x=355: 31,31,31,255
x=356: 31,31,31,255
x=357: 31,31,31,255
x=358: 31,31,31,255
x=359: 31,31,31,255
x=360: 31,31,31,255
x=361: 31,31,31,255
x=362: 31,31,31,255
x=363: 31,31,31,255
x=364: 31,31,31,255
x=365: 31,31,31,255
x=366: 31,31,31,255
x=367: 31,31,31,255
x=368: 31,31,31,255
x=369: 31,31,31,255
x=370: 31,31,31,255
x=371: 31,31,31,255
x=372: 31,31,31,255
x=373: 31,31,31,255
x=374: 31,31,31,255
x=375: 31,31,31,255
x=376: 31,31,31,255
x=377: 31,31,31,255
x=378: 31,31,31,255
x=379: 31,31,31,255
x=380: 31,31,31,255
x=381: 31,31,31,255
x=382: 31,31,31,255
x=383: 31,31,31,255
x=384: 31,31,31,255
x=385: 31,31,31,255
x=386: 31,31,31,255
x=387: 31,31,31,255
x=388: 31,31,31,255
x=389: 31,31,31,255
x=390: 31,31,31,255
x=391: 31,31,31,255
x=392: 31,31,31,255
x=393: 31,31,31,255
x=394: 31,31,31,255
x=395: 31,31,31,255
x=396: 31,31,31,255
x=397: 31,31,31,255
x=398: 31,31,31,255
x=399: 31,31,31,255
x=400: 31,31,31,255
x=401: 31,31,31,255
x=402: 31,31,31,255
x=403: 31,31,31,255
x=404: 31,31,31,255
x=405: 31,31,31,255
x=406: 31,31,31,255
x=407: 31,31,31,255
x=408: 31,31,31,255
x=409: 31,31,31,255
x=410: 31,31,31,255
x=411: 31,31,31,255
x=412: 31,31,31,255
x=413: 31,31,31,255
x=414: 31,31,31,255
x=415: 31,31,31,255
x=416: 31,31,31,255
x=417: 31,31,31,255
x=418: 31,31,31,255
x=419: 31,31,31,255
x=420: 31,31,31,255
x=421: 31,31,31,255
x=422: 31,31,31,255
x=423: 31,31,31,255
x=424: 31,31,31,255
x=425: 31,31,31,255
x=426: 31,31,31,255
x=427: 31,31,31,255
x=428: 31,31,31,255
x=429: 31,31,31,255
x=430: 31,31,31,255
x=431: 31,31,31,255
x=432: 31,31,31,255
x=433: 31,31,31,255
x=434: 31,31,31,255
x=435: 31,31,31,255
x=436: 31,31,31,255
x=437: 31,31,31,255
x=438: 31,31,31,255
x=439: 31,31,31,255
x=440: 31,31,31,255
x=441: 31,31,31,255
x=442: 31,31,31,255
x=443: 31,31,31,255
x=444: 31,31,31,255
x=445: 31,31,31,255
x=446: 31,31,31,255
x=447: 31,31,31,255
x=448: 31,31,31,255
x=449: 31,31,31,255
x=450: 31,31,31,255
x=451: 31,31,31,255
x=452: 31,31,31,255
x=453: 31,31,31,255
x=454: 31,31,31,255
x=455: 31,31,31,255
x=456: 31,31,31,255
x=457: 31,31,31,255
x=458: 31,31,31,255
x=459: 31,31,31,255
x=460: 31,31,31,255
x=461: 31,31,31,255
x=462: 31,31,31,255
x=463: 31,31,31,255
x=464: 31,31,31,255
x=465: 31,31,31,255
x=466: 31,31,31,255
x=467: 31,31,31,255
x=468: 31,31,31,255
x=469: 31,31,31,255
x=470: 31,31,31,255
x=471: 31,31,31,255
x=472: 31,31,31,255
x=473: 31,31,31,255
x=474: 31,31,31,255
x=475: 31,31,31,255
x=476: 31,31,31,255
x=477: 31,31,31,255
x=478: 31,31,31,255
x=479: 31,31,31,255
x=480: 31,31,31,255
x=481: 31,31,31,255
x=482: 31,31,31,255
x=483: 31,31,31,255
x=484: 31,31,31,255
x=485: 31,31,31,255
x=486: 31,31,31,255
x=487: 31,31,31,255
x=488: 31,31,31,255
x=489: 31,31,31,255
x=490: 31,31,31,255
x=491: 31,31,31,255
x=492: 31,31,31,255
x=493: 31,31,31,255
x=494: 31,31,31,255
x=495: 31,31,31,255
x=496: 31,31,31,255
x=497: 31,31,31,255
x=498: 31,31,31,255
x=499: 31,31,31,255
x=500: 31,31,31,255
x=501: 31,31,31,255
x=502: 31,31,31,255
x=503: 31,31,31,255
x=504: 31,31,31,255
x=505: 31,31,31,255
x=506: 31,31,31,255
x=507: 31,31,31,255
x=508: 31,31,31,255
x=509: 143,143,143,255
x=510: 31,31,31,255
x=511: 31,31,31,255
x=512: 31,31,31,255
x=513: 31,31,31,255
x=514: 31,31,31,255
x=515: 31,31,31,255
x=516: 31,31,31,255
x=517: 31,31,31,255
x=518: 31,31,31,255
x=519: 31,31,31,255
x=520: 31,31,31,255
x=521: 31,31,31,255
x=522: 31,31,31,255
x=523: 31,31,31,255
x=524: 31,31,31,255
x=525: 31,31,31,255
x=526: 31,31,31,255
x=527: 31,31,31,255
x=528: 31,31,31,255
x=529: 31,31,31,255
x=530: 31,31,31,255
x=531: 31,31,31,255
x=532: 31,31,31,255
x=533: 31,31,31,255
x=534: 31,31,31,255
x=535: 31,31,31,255
x=536: 31,31,31,255
x=537: 31,31,31,255
x=538: 31,31,31,255
x=539: 31,31,31,255
x=540: 31,31,31,255
x=541: 31,31,31,255
x=542: 31,31,31,255
x=543: 31,31,31,255
x=544: 31,31,31,255
x=545: 31,31,31,255
x=546: 31,31,31,255
x=547: 31,31,31,255
x=548: 31,31,31,255
x=549: 31,31,31,255
x=550: 31,31,31,255
x=551: 31,31,31,255
x=552: 31,31,31,255
x=553: 31,31,31,255
x=554: 31,31,31,255
x=555: 31,31,31,255
x=556: 31,31,31,255
x=557: 31,31,31,255
x=558: 31,31,31,255
x=559: 31,31,31,255
x=560: 31,31,31,255
x=561: 31,31,31,255
x=562: 31,31,31,255
x=563: 31,31,31,255
x=564: 31,31,31,255
x=565: 31,31,31,255
x=566: 31,31,31,255
x=567: 31,31,31,255
x=568: 31,31,31,255
x=569: 31,31,31,255
x=570: 31,31,31,255
x=571: 31,31,31,255
x=572: 31,31,31,255
x=573: 31,31,31,255
x=574: 31,31,31,255
x=575: 31,31,31,255
x=576: 31,31,31,255
x=577: 31,31,31,255
x=578: 31,31,31,255
x=579: 31,31,31,255
x=580: 31,31,31,255
x=581: 31,31,31,255
x=582: 31,31,31,255
x=583: 31,31,31,255
x=584: 31,31,31,255
x=585: 31,31,31,255
x=586: 31,31,31,255
x=587: 31,31,31,255
x=588: 31,31,31,255
x=589: 31,31,31,255
x=590: 31,31,31,255
x=591: 31,31,31,255
x=592: 31,31,31,255
x=593: 31,31,31,255
x=594: 31,31,31,255
x=595: 31,31,31,255
x=596: 31,31,31,255
x=597: 31,31,31,255
x=598: 31,31,31,255
x=599: 31,31,31,255
