# String extracts (deterministic render of tool outputs)

## malcat strings (300)
12080 
11960 
12846 
14016 
12756 
12902 
14128 
14210 
12986 
14078 
13600 
13890 
12812 
11584 
11216 
10600 
9904 
10264 
10408 
10064 
9736 
10992 
10770 
11880 
14221 
10899 
11776 
11800 
12028 
11988 
11292 
12156 
11120 
11376 
11456 
13212 
13112 
13274 
11748 
118562 
12196 
13492 
131627 
77 
313532 
11532 
14110 
12826 
13770 
12882 
11504 
12866 
11476 
13442 
14040 
9668 
13140 
11188 
13978 
9640 
13904 
12916 
12942 
12768 
13858 
68379 
13750 
13298 
11340 
13424 
13374 
9616 
13616 
182012 
13326 
13000 
14140 
13240 
318360 
13020 
13844 
13828 
71907 
13666 
13650 
13636 
11152 
117812 
13572 
13540 
13720 
13060 
13962 
13942 
148400 
83168 
137921 
138148 
309209 
139392 
255927 
83006 
54611 
143591 
251239 
144828 
146863 
134028 
250711 
330106 
155682 
250182 
156535 
330192 
166403 
297858 
39432 
249867 
296701 
249780 
51770 
97582 
98350 
99493 
13462 
2824 
103984 
49151 
319426 
110930 
51334 
316550 
120593 
202191 
122961 
17775 
313681 
87963 
21577 
85391 
21871 
267989 
312976 
3901 
129032 
267897 
232396 
205422 
290777 
283412 
186565 
28267 
35950 
192401 
32907 
35460 
194646 
27977 
224517 
288022 
8317 
58480 
30452 
212142 
221410 
31163 
278872 
220727 
243821 
170909 
296049 
75076 
25657 
246622 
11408 
286794 
246252 
70184 
13816 
204818 
295011 
69108 
203956 
293720 
37001 
292124 
182330 
331719 
185985 
290967 
13360 
13346 
13408 
13924 
13526 
13556 
13588 
13196 
13098 
14066 
13694 
12144 
11944 
14002 
52116 
63548 
57185 
201797 
84088 
67733 
464 
150676 
206490 
215273 
196907 
225533 
193214 
241089 
243340 
180891 
244563 
176543 
38250 
173561 
163809 
48547 
43918 
254912 
265940 
140084 
134543 
131962 
127296 
123189 
275188 
121741 
120980 
118028 
12968 
292422 
293928 
13474 
287558 
13164 
284004 
111387 
130669 
543 
290277 
312424 
127132 
8143 
316169 
48106 
156631 
280866 
212208 
31139 
102686 
12780 
97717 
241883 
250063 
323484 
11576 
11368 
82066 
329389 
141805 
58252 
148705 
295990 
273633 
14150 
176644 
138463 
503 
268208 
101793 
252999 
321678 
13262 
12790 
13392 
13514 
13184 
14094 
13880 
330809 
90881 
13172 
240070 
13738 
11560 
13082 
183223 
13790 
13036 
11432 
13804 