# String extracts (deterministic render of tool outputs)

## malcat strings (254)
62256 
62080 
62144 
56576 
62392 
61904 
66934 
55488 
61792 
62072 
61816 
62360 
55512 
61952 
62336 
61848 
62048 
56560 
61872 
62320 
61928 
61984 
62408 
61888 
62016 
62024 
62128 
75752 
67090 
55552 
61944 
61992 
62000 
62008 
67660 
67102 
66888 
61968 
67682 
56600 
59984 
55592 
62036 
56128 
56088 
55960 
55656 
55896 
55784 
55760 
55680 
55616 
55376 
56104 
55984 
56152 
55936 
55640 
56000 
56360 
55728 
55744 
56192 
55920 
56016 
55696 
55712 
56204 
56320 
56168 
56248 
56264 
55360 
60498 
56184 
56376 
56344 
56220 
56392 
56384 
56332 
56236 
56228 
56212 
61568 
61184 
68224 
59200 
68416 
66904 
55449 
67800 
59696 
68278 
59296 
55457 
68352 
68524 
57344 
68154 
66994 
59344 
56463 
67470 
68180 
67014 
77 
59705 
68548 
66954 
68680 
67772 
67076 
67402 
33668 
33428 
67752 
67830 
67870 
68054 
66764 
67448 
67546 
66820 
66802 
66676 
68394 
68622 
67036 
59678 
66838 
66786 
67896 
68302 
66722 
66746 
33585 
33169 
56736 
67608 
68472 
57808 
68506 
67430 
67382 
67626 
67266 
68338 
67300 
67732 
67524 
67850 
68118 
66854 
57696 
67056 
67250 
68606 
67508 
57232 
68490 
58000 
67234 
68028 
68038 
68102 
67916 
67586 
67932 
68450 
67982 
67696 
68076 
68206 
66874 
68638 
67174 
67186 
67370 
67348 
91226 
67204 
58752 
67286 
68000 
67320 
68666 
66642 
66660 
68014 
67646 
66708 
67146 
68588 
67560 
67116 
68264 
496 
67216 
68442 
58288 
67714 
55433 
58384 
535 
71985 
655 
575 
616 
71454 
58560 
68324 
68378 
68140 
68088 
58656 
66694 
67574 
66976 
67334 
67162 
67130 
71422 
71953 
58112 
68572 
68654 
67970 
67948 
57920 
67496 
695 
67960 
57616 
67676 
91271 
208 
60752 
42470 
42477 
42488 
42499 
58208 
58480 
57544 
91277 
42404 
59669 
55425 
56640 
56704 
56672 
71714 
71198 