# String extracts (deterministic render of tool outputs)

## malcat strings (300)
161840 
45699 
159440 
136960 
160856 
159112 
161160 
161736 
159368 
160588 
160744 
153376 
199360 
161624 
143296 
159028 
159576 
160016 
155872 
161276 
156860 
160824 
159064 
161300 
143708 
143680 
161960 
143760 
160048 
159316 
159412 
143432 
143368 
143500 
161576 
143648 
161720 
143620 
143972 
144004 
159736 
143456 
156960 
160128 
143872 
143532 
143556 
156932 
160112 
159348 
159776 
160688 
159712 
159872 
143412 
143480 
143396 
160772 
143936 
143600 
159820 
159956 
143824 
143580 
156912 
143900 
159640 
141096 
143336 
159552 
143788 
159916 
143324 
160720 
159532 
159020 
156896 
159656 
143856 
139300 
153400 
158876 
160628 
160084 
161348 
161548 
161420 
161264 
156388 
160812 
141140 
141128 
143344 
143356 
141116 
161408 
143740 
161328 
161996 
138328 
156884 
161364 
161376 
161516 
161388 
143840 
159796 
156560 
159340 
159280 
161560 
143808 
143956 
161488 
159288 
161460 
161444 
140636 
143920 
159680 
141220 
161476 
159304 
160644 
148392 
158844 
148380 
161700 
158868 
159760 
159848 
160676 
160664 
138880 
161608 
171718 
158892 
171618 
171652 
158456 
172044 
171408 
158600 
172116 
172080 
158644 
158092 
138768 
157960 
139724 
140276 
158336 
139588 
156276 
158204 
158376 
158416 
171822 
171488 
158564 
139196 
158024 
149164 
138736 
246662 
246565 
247827 
158060 
138944 
148236 
139220 
250370 
157896 
139144 
155840 
139516 
140396 
141496 
140128 
158852 
160612 
158860 
178416 
252000 
157928 
142010 
157832 
140444 
161988 
138860 
140152 
247926 
140104 
158132 
149856 
250469 
138676 
149468 
138712 
139164 
139244 
157464 
139980 
158528 
157800 
138820 
157864 
139940 
139620 
140228 
252099 
139568 
158932 
140328 
158944 
158784 
148908 
158996 
138840 
138696 
149248 
139020 
139056 
150048 
148608 
158304 
158276 
158688 
139960 
139496 
140212 
140072 
148848 
139000 
139680 
149780 
157996 
149272 
139416 
139392 
139348 
149692 
148680 
158736 
149064 
156268 
138912 
139904 
149932 
139372 
140492 
138800 
139548 
139108 
139092 
250579 
157436 
138584 
199276 
139700 
158816 
139276 
157492 
198980 
139440 
148884 
140252 
140308 
158500 
149308 
149356 
139840 
157448 
139076 
139040 
139180 
157392 
139332 
139824 
157400 
140352 
140008 
140476 
138396 
138980 
139452 
157744 
157572 
158764 
140176 
139128 
138924 
150180 
150228 
150120 
150192 
150204 
150156 
150216 
150144 