# String extracts (deterministic render of tool outputs)

## malcat strings (300)
550465 
552516 
557043 
557036 
552526 
534990 
550160 
536931 
277208 
615704 
569120 
439799 
616544 
624232 
632656 
573864 
642384 
641752 
744552 
616496 
641344 
642296 
568224 
629136 
629112 
616472 
641992 
615800 
615488 
624552 
615832 
611424 
629032 
615640 
642312 
642008 
608792 
629048 
624608 
623944 
642352 
641472 
624384 
622232 
608736 
578704 
568672 
615128 
641904 
579216 
568344 
568480 
624504 
568640 
609072 
615008 
642400 
609144 
568608 
615080 
683040 
609008 
640568 
579312 
579488 
616184 
641792 
629088 
641696 
568776 
568744 
579136 
638936 
568432 
616312 
568944 
616064 
614688 
641960 
641936 
642264 
578800 
642432 
568808 
568512 
568536 
578416 
568920 
624016 
614728 
641832 
615944 
641880 
641856 
570600 
622128 
638512 
578624 
568992 
570616 
613800 
642088 
568384 
689008 
568888 
613868 
568408 
568456 
613788 
617328 
641632 
613680 
607768 
615560 
638488 
642240 
568584 
641592 
616040 
568368 
642120 
568312 
568864 
633544 
640536 
578496 
615264 
607088 
568560 
568088 
642976 
642368 
615064 
615048 
617576 
579408 
607184 
569240 
609120 
642184 
642152 
607048 
607280 
607672 
609048 
607168 
615592 
615456 
615408 
568136 
578944 
638632 
607808 
640600 
607632 
573888 
636504 
607600 
641656 
608872 
568968 
607248 
608960 
569528 
579008 
615224 
615728 
574448 
615752 
578880 
615768 
614956 
614928 
642216 
616520 
607288 
607360 
607264 
607200 
615376 
633568 
641680 
607152 
607136 
622144 
617464 
608832 
615616 
615240 
574508 
579072 
608060 
608700 
569032 
607236 
574160 
615184 
641728 
638536 
614888 
613756 
689232 
615784 
608996 
615792 
608708 
608612 
597440 
568704 
597488 
624268 
689120 
641568 
607116 
615000 
614992 
613668 
689352 
613764 
614860 
616896 
607064 
607336 
689040 
641816 
568840 
607224 
616432 
615816 
615344 
615424 
615736 
568728 
616016 
569512 
617168 
641512 
641768 
613848 
641528 
579688 
616912 
616696 
617208 
689072 
689312 
568272 
615336 
689288 
568256 
640632 
688992 
689416 
641544 
631048 
570408 
570448 
689392 
638464 
641488 
689200 
689160 
574496 
641712 
574480 
574464 
642072 
607104 
579760 
615216 
579792 
689024 
689056 
689104 
689224 
689240 
576152 
576088 
608412 
613724 
613732 
614872 
613660 
609108 
608988 
608920 
615848 
608780 
608636 
608580 
608548 
608492 
583896 
608404 
622112 
624280 
636480 
607352 
607328 
607320 