# String extracts (deterministic render of tool outputs)

## malcat strings (170)
17712 
14284 
14259 
16742 
14272 
16768 
14304 
14239 
16676 
14234 
28252 
28260 
77 
16550 
28199 
28188 
28292 
28244 
16584 
16630 
16708 
28268 
16464 
16616 
16728 
16690 
16498 
13849 
16382 
8750 
9931 
10163 
14150 
13874 
28276 
16570 
16438 
16410 
28284 
16648 
9288 
8818 
8810 
9253 
8580 
488 
568 
1157 
14277 
527 
14246 
14227 
16370 
16758 
3387 
16662 
16604 
16536 
16518 
16480 
16452 
16426 
16394 
13830 
10178 
14253 
8999 
8845 
14298 
207 
1109 
7954 
3300 
4548 
7762 
7735 
6133 
9220 
10046 
7934 
10202 
11252 
13586 
13611 
14216 
8567 
5554 
5041 
3513 
3319 
1360 
1310 
1118 
248 
8869 
8592 
8612 
8853 
8056 
8145 
1315 
8045 
9082 
4864 
4258 
1406 
13478 
8762 
7011 
7542 
1372 
8860 
8078 
13891 
7982 
9098 
10051 
9091 
13560 
8966 
8875 
4512 
7848 
4574 
4610 
13626 
4984 
8138 
5165 
4025 
5442 
8836 
5605 
5749 
6102 
3742 
6285 
3290 
6845 
8983 
7124 
7241 
7619 
14058 
8519 
8778 
2582 
7903 
13451 
14206 
8801 
3471 
8022 
6463 
3252 
2611 
10020 
7915 
8556 
2032 
8526 
1217 
1281 
4334 
10028 
6272 
9131 
5308 
9984 
9936 