# String extracts (deterministic render of tool outputs)

## malcat strings (158)
26224 
29384 
29272 
34322 
29296 
29328 
29352 
26208 
29368 
29408 
29472 
34306 
34342 
29432 
26248 
29512 
30008 
29576 
30048 
29880 
29704 
29816 
29680 
29600 
29536 
30024 
29904 
29560 
30072 
29856 
29648 
29664 
29840 
30112 
29920 
29936 
30280 
29632 
29616 
30124 
30088 
30168 
30184 
30240 
31122 
30104 
30296 
30264 
30252 
30304 
30156 
30148 
30312 
30140 
30132 
30608 
32192 
34802 
31808 
28848 
35114 
28944 
34460 
34856 
28992 
35050 
35164 
26992 
34710 
77 
34758 
34432 
35140 
34272 
18036 
17796 
34412 
34950 
34510 
35092 
34536 
35000 
27456 
26384 
17537 
34556 
17953 
34234 
34490 
34392 
34652 
34574 
34252 
34688 
27344 
35036 
34934 
34972 
34636 
26880 
35188 
27648 
34924 
34736 
34608 
34784 
34880 
34988 
34356 
35304 
35256 
35238 
34624 
35326 
34292 
28400 
35356 
34910 
34896 
34842 
34374 
27936 
488 
35268 
39953 
39422 
608 
567 
28032 
527 
35076 
34674 
35344 
35022 
28208 
28304 
34594 
39390 
39921 
27760 
35288 
35226 
35276 
35204 
27568 
35216 
647 
27264 
199 
31376 
27856 
27192 
28128 
26288 
26352 
26320 
39166 
39682 