# String extracts (deterministic render of tool outputs)

## malcat strings (300)
3342854 
6046828 
3348792 
3348336 
3348952 
3348604 
3349032 
3348888 
3348748 
3348044 
3348268 
3348668 
3348996 
3348316 
3348552 
3348200 
3348020 
3348836 
3348372 
3348492 
3348640 
3348104 
3348468 
3348244 
3348528 
3348148 
3348440 
3347992 
3348408 
3348584 
3349072 
3349116 
3348176 
3349092 
3348232 
3348712 
3348728 
3348132 
3348084 
3348872 
6046696 
3348700 
3348428 
3348032 
3351216 
3351244 
3352072 
3349982 
1196686 
3351506 
6053161 
3351296 
6055693 
6051995 
6051915 
6053250 
3318372 
3351606 
6053312 
6052060 
6046480 
6046420 
6051868 
6046744 
1016052 
538265 
229558 
1607973 
1767314 
2329327 
563257 
2749593 
6044394 
595261 
2310528 
1600000 
3208228 
6045740 
1608254 
6046234 
478976 
1600999 
6044138 
6046362 
1615104 
2356389 
6045308 
6046386 
1635411 
2618442 
6043952 
3141120 
2953103 
6032640 
3001089 
2290827 
717145 
6045810 
2549225 
2816970 
340986 
1853304 
6044468 
1228125 
1625457 
6045490 
6044344 
6045960 
6044618 
3351796 
6026320 
6045904 
1138924 
6050907 
3350650 
6044562 
6054053 
6051149 
6044974 
6043618 
849574 
6033920 
6055585 
109628 
1832002 
3350094 
6043676 
6045032 
3349946 
128024 
3351480 
6052545 
3351952 
6046454 
6018972 
967936 
6045694 
3350052 
3351668 
6054183 
6054015 
6052507 
6019433 
3350306 
6046666 
6043536 
3350396 
3142863 
6044892 
1793280 
1605632 
2028546 
3349880 
6046326 
3350218 
6044032 
3350912 
2517104 
3351554 
2356240 
138242 
77 
6051205 
347162 
6045388 
6046798 
6046718 
1597088 
951020 
6046566 
3176722 
6043762 
3351436 
3349916 
3350462 
6054068 
896789 
258953 
2867419 
3224189 
6052675 
2631214 
2507027 
6051120 
6051164 
507929 
6045444 
2006519 
6055483 
6044090 
6045118 
3350010 
3350170 
3350612 
3351460 
3351586 
3350696 
3351122 
3350798 
3351100 
6052560 
6046514 
3351530 
6052433 
6052600 
3352014 
6046640 
3350716 
3351874 
3351310 
6053941 
3351412 
6051045 
6055408 
3351144 
6045570 
6054109 
6044220 
3350778 
3350990 
3350738 
3350334 
1608230 
6043860 
6045170 
6045216 
6043814 
3352052 
3350360 
6046614 
6044804 
3351158 
3351918 
6044932 
3351978 
6046766 
3349932 
3350870 
3350286 
3351358 
3351328 
3350834 
6044310 
6046146 
6045660 
3351026 
3350246 
3350556 
3351692 
6043576 
3351764 
6044694 
3351272 
334214 
6051257 
3351780 
3351860 
3350124 
3350634 
3350854 
6046036 
3350884 
3350428 
3350974 
3351010 
3350268 
3351394 
3349964 
6045638 
6044288 
3351650 
6045882 
3350140 
6044540 
3350034 
3350578 
3352032 
3349850 
3351828 
3351844 
3351998 
3351048 
3351200 
3351066 
406252 
3349868 
504552 
3323326 
330640 
498642 
2932675 
425460 
494513 
2939998 
3350900 
3250784 
3061050 
3043403 
3192866 
474444 