# String extracts (deterministic render of tool outputs)

## malcat strings (300)
44457 
32861 
3232 
2688 
2568 
6224 
85644 
3936 
5232 
4400 
358144 
5352 
3528 
3188 
6208 
393360 
380464 
2536 
3876 
393536 
2276 
392992 
5460 
3764 
385600 
80750 
2968 
2996 
396432 
3840 
5308 
3500 
3592 
4376 
5528 
3612 
4568 
3480 
4632 
3740 
4928 
3464 
5292 
85480 
2836 
3628 
4776 
4464 
2856 
84756 
801 
2824 
865 
85440 
856 
85058 
85394 
4692 
757 
846 
2308 
2320 
3804 
744 
84816 
81508 
84688 
814 
788 
82170 
731 
3700 
4984 
3672 
82520 
84542 
80626 
720 
777 
826 
836 
84962 
84972 
767 
5516 
4480 
5448 
380596 
5012 
391308 
392504 
383126 
383390 
387496 
388694 
365942 
4908 
385414 
4084 
4864 
386966 
4820 
378264 
392226 
388532 
383266 
393222 
392690 
385136 
378700 
4728 
4956 
4840 
390836 
4548 
4072 
390482 
381040 
383548 
5340 
379052 
379266 
379660 
383938 
380040 
380726 
394532 
387138 
396808 
384598 
388846 
387736 
391464 
391906 
387858 
397130 
381424 
382366 
395942 
395174 
398580 
389666 
389194 
378410 
398356 
387634 
359262 
4968 
4756 
4940 
4892 
383024 
394424 
398522 
359392 
397938 
397724 
364638 
364858 
392628 
375010 
360374 
399016 
359108 
378160 
364534 
363026 
362638 
374938 
393176 
399150 
364750 
358960 
365102 
393122 
391250 
358782 
6336 
359358 
398486 
358910 
394284 
366454 
367174 
367722 
368218 
6352 
391180 
364206 
398158 
399918 
359560 
392930 
82094 
392404 
392454 
3062 
375998 
377090 
362150 
376866 
375482 
395058 
397874 
377598 
365750 
398252 
365230 
398226 
81162 
363218 
399202 
375562 
81346 
365322 
376338 
400262 
399478 
377984 
400438 
375626 
394364 
368430 
382986 
400134 
361094 
381386 
381328 
362358 
81434 
81406 
379010 
383898 
363134 
81222 
377946 
365170 
366666 
367322 
367874 
378220 
365382 
359010 
366546 
359182 
367814 
361654 
368310 
400482 
81376 
398106 
398286 
83034 
400306 
394406 
377542 
377216 
81192 
398842 
381000 
84292 
81134 
81106 
376810 
366730 
371442 
82070 
372873 
375426 
364022 
399246 
361414 
364286 
364390 
362798 
377850 
81478 
362502 
362450 
375106 
360186 
359906 
359530 
359044 
398338 
358874 
84666 
84930 
368370 
400350 
376202 
394328 
399874 
366606 
400002 
367030 
367938 
369144 
359082 
359994 