# String extracts (deterministic render of tool outputs)

## malcat strings (300)
58900 
75624 
79162 
64848 
73584 
64948 
87264 
79144 
64920 
73720 
64900 
58924 
64884 
73416 
73488 
64872 
75608 
73444 
73476 
59076 
73452 
80280 
80202 
79976 
80248 
80004 
59088 
59064 
63048 
73468 
73460 
70372 
70760 
69764 
76008 
70952 
69524 
69824 
70152 
70596 
69596 
69980 
70836 
70684 
70176 
70260 
69800 
70212 
77488 
69908 
69896 
69884 
70080 
69920 
69932 
69944 
69956 
69968 
69996 
70012 
70044 
70056 
70068 
69464 
69656 
69296 
69476 
69488 
69500 
69512 
69536 
69548 
69560 
69572 
69584 
69620 
69632 
69644 
69872 
69680 
69692 
69704 
69716 
69728 
69740 
69752 
69776 
69788 
69836 
69848 
69860 
70864 
70636 
70648 
70660 
70672 
70708 
70724 
70736 
70748 
70784 
70800 
70812 
70824 
70852 
70620 
70876 
70888 
70904 
70916 
70928 
70940 
70964 
70976 
70988 
71000 
71012 
71024 
70396 
70104 
70116 
70128 
70140 
70164 
70200 
70236 
70248 
70300 
70324 
70336 
70348 
70360 
70092 
70424 
70448 
70460 
70472 
70484 
70496 
70508 
70524 
70548 
70560 
70572 
70584 
71144 
69236 
69212 
69200 
69188 
69176 
69164 
71156 
71036 
69224 
71132 
71120 
71048 
71060 
71072 
71084 
71096 
71108 
69332 
69440 
69428 
69416 
69404 
69392 
69380 
69368 
69356 
69344 
69248 
69320 
69308 
69452 
69284 
69272 
69260 
60150 
77136 
76176 
76908 
77280 
76036 
76884 
76688 
58792 
70028 
71168 
77008 
68648 
70408 
70284 
76128 
75980 
75816 
75636 
70536 
70436 
70312 
69668 
59948 
76552 
75916 
76408 
76392 
63562 
76256 
75844 
76920 
76284 
76432 
58784 
76300 
77476 
64624 
79582 
64240 
77528 
76472 
106485 
77436 
62552 
75900 
79462 
76736 
92664 
106623 
79290 
79210 
58873 
79244 
105303 
105631 
62484 
105695 
79650 
58865 
105759 
105823 
59008 
105951 
105887 
106015 
104573 
106251 
106187 
105175 
105239 
79490 
104111 
105367 
105431 
105495 
105567 
73319 
106123 
61400 
62432 
77 
104237 
103867 
59017 
104489 
112207 
105097 
119225 
107609 
79798 
79538 
79514 
79338 
106579 
103463 
103827 
103779 
106315 
103519 
103585 
78944 
79410 
79748 
104557 
104287 
104185 
78826 
104609 
103737 
80084 
80062 
104349 
75696 
79992 
103935 
104033 
79940 
79908 
62200 