# String extracts (deterministic render of tool outputs)

## malcat strings (300)
252868 
958048 
8705632 
2096188 
1411328 
8000640 
2095272 
9326666 
393167 
2104968 
8706004 
257100 
1445728 
1956567 
1410872 
196124 
1323312 
2093028 
2106292 
2098044 
2058472 
247744 
9399475 
2107700 
2091412 
2093600 
1311564 
985586 
2088824 
877372 
879984 
9325780 
8290448 
2099560 
1756708 
626724 
9399667 
8545763 
2114692 
977340 
8496207 
8496199 
8322039 
7843272 
8901608 
90252 
9326846 
2110400 
9399675 
9321540 
1758396 
1455556 
9072880 
2065228 
1650544 
8706272 
8700239 
1883876 
605744 
278012 
1410360 
2039476 
140844 
2096976 
8548644 
1482848 
2114452 
8555188 
1120420 
628724 
1040552 
630736 
2091616 
898172 
1069872 
2076236 
220939 
1397556 
9011061 
2098196 
981180 
772384 
2095638 
1844680 
1471548 
340556 
2094152 
1453948 
2111756 
257620 
9144175 
8964343 
1937368 
1569296 
335064 
2103608 
9143627 
9002473 
115823 
10156483 
2082668 
9178043 
4085401 
1811232 
1764728 
247608 
9364671 
1235288 
2096904 
340876 
620764 
9003943 
1353996 
1451519 
8966839 
2095532 
1479500 
385279 
208807 
571116 
948663 
8555280 
9175195 
2098428 
2100800 
9186373 
525731 
305504 
2044183 
1796900 
7843048 
1693708 
1045396 
12584 
9000471 
1763508 
1917160 
86140 
1456596 
8422904 
122167 
2100288 
1044827 
254880 
464152 
2106480 
448960 
2100712 
1198003 
1659695 
1234240 
1057888 
7604467 
519531 
1217387 
848004 
414103 
693824 
1230456 
494959 
2099660 
226023 
396147 
1130140 
941471 
11033243 
9326972 
1102572 
637420 
5193007 
1088847 
9444125 
652024 
1759584 
1952435 
1062768 
1482796 
535115 
2087744 
1458652 
815136 
1820996 
607744 
1456979 
603668 
1925228 
458312 
353848 
2086112 
1341428 
853884 
829808 
2058640 
2083636 
555016 
550016 
1498428 
109388 
1576752 
1759480 
9428668 
695856 
1571988 
640180 
88760 
637192 
1355176 
947088 
379807 
8312607 
1714060 
2090230 
656764 
626836 
9324420 
630876 
1628271 
809600 
1323188 
850408 
8290916 
1324016 
2078748 
7842572 
762884 
832100 
1443168 
1758256 
1755060 
182552 
1774500 
1738580 
851419 
1876320 
764240 
1342156 
8421796 
1673247 
1406400 
243804 
1681828 
1178392 
280712 
647940 
210016 
632916 
1692172 
1557051 
1220567 
662160 
1228932 
1233180 
2019816 
1162832 
2111944 
545251 
552032 
1145152 
2099692 
250984 
1970536 
2098912 
1613259 
855852 
1918379 
9146025 
479460 
1114056 
9149528 
632028 
146312 
1583480 
693872 
1509028 
968316 
1724448 
863780 
2038803 
2033100 
962288 
711279 
60944 
735096 
441260 
703972 
48756 
189120 
200928 
1048928 
445680 
1734524 
1853848 
2077972 
1378016 
2044352 
2098168 
158276 
969936 
1343288 
2077248 