# String extracts (deterministic render of tool outputs)

## malcat strings (300)
18408 
3735 
18468 
19384 
19260 
67252 
67812 
18516 
18724 
18596 
18580 
18564 
18548 
18532 
18672 
18500 
18096 
18200 
17808 
18740 
20608 
18128 
19168 
18216 
18348 
18276 
18316 
83404 
18808 
21616 
20856 
18172 
69144 
18772 
17988 
20888 
18396 
18712 
18688 
18488 
19184 
18384 
18260 
18456 
18704 
21706 
21638 
21508 
21678 
21750 
21826 
18796 
17872 
20300 
65904 
17888 
18992 
21837 
76968 
78128 
83164 
77864 
67892 
82888 
78184 
19032 
83220 
29930 
69108 
77678 
18024 
82702 
67392 
83130 
78094 
77806 
65716 
82830 
67488 
68868 
75824 
67172 
75696 
69364 
75736 
75634 
80883 
68984 
67440 
75748 
67540 
74748 
67876 
74760 
74378 
21484 
75610 
48794 
79271 
80499 
69456 
77208 
77024 
77830 
79309 
80583 
69064 
82854 
76080 
59062 
80757 
77978 
83006 
54515 
58015 
80669 
54916 
54756 
54631 
79901 
68728 
17960 
75494 
65872 
21368 
68812 
79549 
77770 
67864 
68936 
75524 
81097 
21398 
80999 
68404 
87481 
68092 
83282 
78242 
82794 
68496 
87103 
74200 
81043 
83374 
69416 
30037 
68780 
79989 
68580 
77 
82950 
68360 
74638 
65881 
21004 
75070 
78334 
79413 
17969 
77922 
74670 
78735 
87397 
79181 
79875 
81385 
78895 
80009 
78831 
81199 
75466 
87523 
68464 
80211 
87577 
18928 
68528 
75416 
69164 
19080 
79827 
79781 
87651 
79491 
79509 
21340 
21290 
83054 
40657 
20982 
20798 
81277 
18612 
81309 
79683 
80245 
77336 
78018 
21440 
81487 
75346 
81543 
75446 
78861 
87213 
87167 
87241 
79107 
47778 
79357 
79045 
79027 
87313 
79373 
45526 
75566 
79147 
87677 
58276 
61023 
75588 
61979 
74702 
60890 
19104 
79325 
75316 
78803 
21462 
74726 
81239 
78767 
21592 
75042 
78927 
21554 
21048 
78623 
54155 
79949 
81343 
67372 
76116 
54277 
54386 
60874 
79585 
69296 
80471 
65854 
52662 
78699 
80085 
68180 
68064 
79201 
79791 
79401 
79641 
79536 
81435 
74950 
20502 
20276 
74772 
75218 
21100 
19360 
21572 
21654 
75712 
74262 
75360 
74154 
69608 
18964 
17942 
87605 
69032 
74236 
79073 
69124 
87141 
68124 
79093 
75120 
79135 
75270 
87273 
87295 
18872 
81587 
67760 
74584 
75240 
68652 
79467 
79441 
21062 