# String extracts (deterministic render of tool outputs)

## malcat strings (141)
51272 
13552 
54360 
1236 
1480 
1332 
1216 
1320 
1208 
680 
9322 
1372 
1352 
1196 
1280 
690 
9370 
9548 
9398 
714 
703 
1264 
1312 
1304 
1296 
1628 
50622 
1487 
77 
58823 
1399 
1415 
58561 
51638 
9274 
51730 
58677 
58383 
58723 
58589 
58411 
51438 
58435 
58459 
58485 
9350 
58507 
58613 
9458 
58851 
51774 
9508 
58635 
50901 
9564 
58805 
58535 
51139 
51200 
51545 
51688 
1150 
51512 
51078 
9284 
58761 
9496 
58793 
58891 
13317 
50925 
50977 
51101 
13339 
50689 
9386 
13361 
58947 
51765 
50821 
1603 
560 
480 
51001 
13465 
50813 
9304 
519 
9412 
9486 
50750 
9334 
50657 
9444 
9474 
51613 
13390 
9538 
13503 
9524 
50709 
50945 
51261 
51212 
50857 
50787 
51413 
51393 
51457 
51713 
51471 
9262 
9422 
9250 
200 
58923 
599 
9436 
9314 
13328 
51014 
51579 
51569 
51497 
51431 
51193 
50766 
51255 
51485 
13430 
51356 
51042 
50969 
51341 
50676 
13417 
51161 
50616 
51628 
1610 
50771 