# String extracts (deterministic render of tool outputs)

## malcat strings (300)
108432 
108144 
108288 
106640 
112160 
107088 
107216 
108600 
107872 
112024 
110792 
106520 
105496 
111248 
108816 
108688 
111392 
105664 
107408 
107584 
107728 
112000 
109696 
109664 
109640 
107016 
106992 
106960 
105760 
111976 
105616 
108920 
105640 
106592 
106424 
125000 
105944 
109512 
106896 
108768 
109576 
105536 
108632 
108024 
108056 
122608 
106776 
106832 
106816 
111864 
124674 
111464 
125350 
110880 
106872 
110968 
123418 
111896 
108104 
108976 
112056 
109544 
106496 
125792 
111920 
109008 
112088 
111192 
105584 
107992 
111160 
111352 
111832 
109160 
124972 
125294 
110992 
108256 
106936 
105928 
111016 
107904 
109400 
111040 
111528 
105888 
111624 
107928 
109224 
105440 
105464 
111960 
124794 
109240 
106568 
105216 
109448 
109144 
111104 
110856 
105352 
111728 
105312 
112136 
107056 
107848 
105416 
105328 
106504 
112112 
109312 
106856 
111696 
109472 
109432 
109368 
107832 
111880 
105116 
109112 
110936 
109128 
111504 
109080 
109384 
105296 
107960 
105232 
105264 
105848 
125880 
122496 
106480 
111060 
111216 
105484 
111592 
109256 
105136 
109352 
111568 
111656 
111088 
105144 
111672 
110920 
105248 
105176 
105280 
105864 
107376 
109488 
110824 
111552 
110840 
105376 
110904 
111072 
122856 
111744 
106096 
111792 
105392 
105736 
105320 
110960 
109168 
109300 
105164 
105188 
111712 
105196 
105208 
111856 
109336 
109324 
105156 
109104 
109344 
109120 
109136 
111720 
111820 
106744 
111616 
123804 
123890 
123078 
111516 
111768 
125846 
125594 
105104 
105128 
109216 
111144 
109184 
109200 
123160 
125778 
124128 
124188 
153024 
111760 
110816 
109424 
109096 
106048 
105060 
110952 
111124 
111132 
111608 
105576 
110654 
110698 
109846 
110154 
287035 
109782 
105968 
110010 
109892 
105748 
106000 
109742 
106032 
109970 
110580 
109932 
109816 
110234 
106080 
110048 
110124 
123670 
106758 
110192 
110360 
110080 
110410 
110310 
110262 
110460 
110542 
110510 
110620 
122474 
122810 
122708 
124310 
110750 
122578 
124386 
122628 
124604 
123620 
124016 
123576 
124362 
124460 
124648 
122512 
167166 
77 
161012 
124110 
122648 
125510 
122788 
123904 
122838 
124338 
122532 
125212 
123840 
123866 
122754 
123092 
124628 
125312 
125704 
123992 
123054 
125532 
123364 
123320 
125336 
125050 
123278 
125028 
123238 
124156 
125244 
123194 
123150 
125574 
124070 
122870 
124090 