# String extracts (deterministic render of tool outputs)

## malcat strings (300)
169984 
172768 
172848 
172896 
167948 
167396 
180336 
167900 
210268 
167924 
180320 
179592 
179760 
171140 
195864 
179336 
195390 
171084 
194612 
171104 
179704 
170004 
321824 
179236 
179452 
179684 
170040 
194996 
179260 
172208 
210396 
174344 
174680 
170060 
172808 
196486 
179724 
179436 
179288 
170024 
169968 
166864 
172708 
169948 
167148 
179856 
172940 
172972 
180396 
179308 
172832 
179696 
171128 
172960 
172948 
179324 
169872 
169852 
169816 
175052 
180372 
210328 
167848 
210372 
174704 
167712 
210192 
210212 
210112 
179832 
172924 
209988 
172880 
209860 
210148 
210048 
169836 
174968 
210012 
210340 
173124 
195488 
166296 
173116 
180160 
180152 
179744 
179736 
179380 
180176 
179372 
179348 
170080 
180184 
180192 
180200 
180208 
180216 
180228 
170520 
195098 
179716 
180168 
170304 
195010 
194682 
195050 
175308 
175452 
195548 
169892 
175264 
209972 
210244 
175820 
210084 
175576 
175956 
170448 
175712 
173144 
175536 
175496 
195176 
198986 
194982 
199094 
170240 
199080 
199050 
170392 
167012 
175892 
170428 
175352 
170192 
210100 
210352 
170276 
169804 
170364 
175860 
170472 
176024 
210320 
210184 
177136 
175992 
176088 
179672 
210204 
173136 
210140 
179356 
179364 
210236 
170344 
170172 
170156 
210036 
175792 
179660 
210172 
170496 
170088 
170108 
210072 
166996 
166848 
176408 
176056 
210256 
175388 
176120 
166328 
167032 
175648 
167080 
175616 
175136 
175236 
175928 
173160 
175188 
168504 
170260 
170224 
168352 
170136 
168464 
167064 
176420 
167108 
176388 
175108 
168916 
175424 
169400 
179544 
10484 
166836 
168252 
173260 
176468 
176184 
166372 
175168 
176456 
176328 
179532 
167976 
176376 
321736 
176444 
172576 
176432 
169340 
166304 
173276 
175776 
166352 
166952 
168856 
176152 
175764 
167100 
175216 
321372 
172632 
176400 
176360 
168052 
175692 
169384 
167052 
175748 
173308 
173292 
168828 
172232 
168340 
168896 
168612 
179560 
177650 
175676 
168804 
168880 
166392 
169368 
168576 
176220 
176228 
176476 
167724 
168556 
166680 
167140 
167128 
168668 
172516 
167116 
168696 
168748 
169788 
168776 
168720 
204056 
168640 
176240 
176208 
176172 
168448 
204304 
235490 
237706 
231594 
235346 
237562 
231738 
175704 
178712 
321110 
204484 
197170 
178328 
321546 
176368 
168601 
325579 
332103 
331995 
209880 
195964 
332395 
204208 
331681 
327683 
332895 
335227 