# String extracts (deterministic render of tool outputs)

## malcat strings (300)
77936 
77856 
78092 
77796 
78988 
79072 
79800 
80284 
80092 
77584 
78916 
80488 
80500 
79192 
80296 
80752 
80716 
80620 
80200 
79628 
80548 
78744 
78756 
78768 
78876 
79032 
79144 
79204 
80428 
77120 
78172 
77008 
79084 
79044 
77772 
70024 
80776 
73192 
78140 
78304 
78240 
76783 
90112 
77724 
91270 
78052 
77460 
91318 
78020 
91000 
73092 
91302 
77224 
73116 
77696 
77832 
90136 
77680 
77652 
67396 
73144 
77556 
77500 
78212 
70924 
70956 
77096 
78068 
78160 
77424 
77356 
70008 
73164 
77044 
76996 
77392 
77324 
73180 
70932 
77712 
70944 
77984 
77576 
77308 
77292 
78540 
77080 
78520 
76980 
77060 
77276 
80828 
91288 
77212 
77744 
77996 
78568 
78220 
91014 
90170 
77752 
77412 
90964 
71608 
71464 
77448 
71976 
77248 
77380 
77264 
71420 
77344 
77760 
77200 
77188 
71732 
72112 
91438 
90284 
91374 
78388 
90492 
71868 
71692 
71652 
72048 
73986 
77548 
77532 
71508 
77540 
72180 
67460 
72016 
77508 
72148 
72244 
78424 
77524 
77516 
71948 
72624 
79880 
71544 
72212 
72276 
79680 
79692 
80644 
80008 
79788 
79776 
79764 
79752 
78940 
79740 
79728 
79716 
79704 
80152 
79500 
80680 
78620 
79480 
80572 
79984 
71772 
79960 
71392 
71292 
79972 
79228 
78376 
80260 
80104 
79324 
79924 
71804 
71344 
79296 
72084 
79824 
72596 
78480 
78440 
72636 
71264 
71580 
79640 
72684 
71324 
72672 
78632 
79660 
72532 
72340 
72584 
80476 
80308 
79856 
79996 
78888 
72660 
80272 
72648 
80464 
79108 
79936 
79948 
80080 
80068 
78792 
79400 
79420 
79456 
79468 
79512 
80368 
80536 
79216 
79240 
80524 
79252 
79264 
79276 
80512 
79312 
80560 
79344 
79364 
79388 
79376 
80224 
80404 
80116 
80128 
80140 
80164 
80176 
80188 
80212 
80056 
80236 
80248 
80392 
80380 
80320 
80332 
80344 
80356 
79616 
80440 
79524 
79536 
79548 
79560 
79572 
79584 
79596 
80452 
80416 
79812 
79844 
79868 
80020 
80032 
80044 
80596 
78708 
78696 
78684 
78672 
78660 
78648 
78508 
72308 
71932 
80584 
79168 
80608 
80632 
80656 
80668 
80692 
80704 
80728 
80740 
80764 
78732 
79180 
79156 
79132 
79120 
79096 
79020 
79008 
78976 
78964 
78952 
78928 