# String extracts (deterministic render of tool outputs)

## malcat strings (168)
35836 
35780 
35900 
25760 
24912 
24936 
25688 
25656 
25712 
25732 
25748 
26104 
25448 
26232 
24888 
25572 
36962 
62832 
25028 
24904 
24960 
24980 
24996 
25012 
63256 
63120 
62632 
62354 
62720 
62482 
63086 
63016 
63176 
62982 
62754 
62598 
24861 
24853 
26442 
26468 
63322 
62446 
62556 
63446 
26516 
26540 
77 
26614 
62530 
62694 
63370 
26162 
26392 
26798 
63396 
26280 
62802 
62506 
26120 
63150 
26782 
26722 
26852 
26670 
63414 
63230 
26420 
26086 
26142 
26260 
26870 
26182 
26584 
26362 
26566 
26216 
26886 
26318 
26350 
26494 
62780 
29588 
26710 
30488 
25612 
29384 
26768 
63352 
26684 
26958 
26940 
26378 
26752 
26600 
24837 
26196 
624 
503 
464 
29446 
26300 
544 
583 
35682 
26246 
26336 
26698 
30042 
26640 
26740 
26656 
26924 
26908 
26840 
30523 
26818 
35618 
29952 
26830 
49352 
34562 
34512 
35451 
31396 
30256 
30397 
198 
30075 
32736 
31732 
31749 
33376 
29807 
29651 
25124 
30032 
30187 
30609 
30723 
25068 
30682 
35424 
30790 
31605 
33816 
31866 
32860 
32592 
31856 
35466 
25220 
25356 
25404 
25484 
25528 
51129 
35498 
51960 
24829 
25276 
25180 
32936 
32257 
30557 
32926 
29913 
31029 
25320 